0 0.7861080485115767 0.4084895259095921 0.14553472987872113 0.1312017640573319
0 0.8820286659316429 0.6345093715545755 0.14773980154355015 0.20176405733186328
0 0.4481808158765159 0.7056229327453143 0.1686879823594267 0.14332965821389201
0 0.1345093715545755 0.6405733186328555 0.15214994487320838 0.13891951488423374
0 0.26571113561190735 0.38313120176405735 0.1014332965821389 0.11797133406835712
2 0.8114663726571113 0.31753031973539136 0.18743109151047407 0.11686879823594268
2 0.48787210584343993 0.3054024255788313 0.21058434399117978 0.22050716648291066
2 0.15214994487320838 0.35170893054024255 0.11466372657111357 0.13891951488423374
2 0.7001102535832415 0.4983461962513782 0.13230429988974643 0.14112458654906285
2 0.6345093715545755 0.6703417861080484 0.16207276736493945 0.1433296582138918
